8 3 8
1
1
1
1
1
1
1
1
1
2
1
2
1
2
1
2
0
0
0
0
0
0
0
0
1
1
1
1
1
1
1
1
2
1
2
1
2
1
2
1
0
0
0
0
0
0
0
0
1
1
1
1
1
1
1
1
1
2
1
2
1
2
1
2
0
0
0
0
0
0
0
0
1
1
1
1
1
1
1
1
2
1
2
1
2
1
2
1
0
0
0
0
0
0
0
0
1
1
1
1
1
1
1
1
1
2
1
2
1
2
1
2
0
0
0
0
0
0
0
0
1
1
1
1
1
1
1
1
2
1
2
1
2
1
2
1
0
0
0
0
0
0
0
0
1
1
1
1
1
1
1
1
1
2
1
2
1
2
1
2
0
0
0
0
0
0
0
0
1
1
1
1
1
1
1
1
2
1
2
1
2
1
2
1
0
0
0
0
0
0
0
0
5
6
0
0
0
0
-6
-5
4
6
0
0
0
0
-6
-4
3
6
0
0
0
0
-6
-3
2
6
0
0
0
0
-6
-2
1
6
0
0
0
0
-6
-1
3
6
0
0
0
0
-6
-3
4
6
0
0
0
0
-6
-4
5
6
0
0
0
0
-6
-5
