0
0
3 7
0 0

5
0
2
1,1,0,6
1,3,6,0
0 0
0 3

20
0
2
1,7,0,-4
0,5,-4,0
0 0
0 4

1
0
2
3,1,0,6
3,2,6,0
0 0
0 0

1
5
2
2,6,0,-6
2,5,-6,0
0 0
0 0

1
5
2
2,0,0,3
6,4,3,0
0 0
0 0

1
5
2
3,7,0,-1
2,6,-1,0
0 0
0 0

1
5
2
6,4,0,3
4,2,3,0
0 0
0 0

1
5
2
6,7,0,-4
5,5,-4,0
0 0
0 0

1
5
2
6,1,0,6
6,2,6,0
0 0
0 0

1
5
2
6,6,0,-6
6,5,-6,0
0 0
0 0

1
5
2
6,0,0,4
7,2,4,0
0 0
0 0

1
5
2
5,7,0,-3
6,6,-3,0
0 0
0 0

1
5
2
7,2,0,4
6,4,4,0
0 0
0 0

1
25
2
5,5,0,-4
3,4,-4,0
0 0
0 0

1
-5
2
2,1,0,6
2,2,6,0
0 0
0 0

1
20
2
6,6,0,-3
7,5,-3,0
0 0
0 0

1
10
2
6,4,0,4
5,6,4,-6
0 0
0 0

1
20
2
3,4,0,-4
4,2,-4,3
0 0
0 0

1
-20
2
3,0,0,1
2,0,1,0
0 0
0 0

1
45
2
4,7,0,-2
5,6,-2,4
0 0
0 0

1
-25
2
5,1,0,6
4,2,6,-4
0 0
0 0

1
50
2
7,5,0,-3
4,2,-3,6
0 0
0 0

1
-25
2
2,0,0,1
3,0,1,0
0 0
0 0

1
50
2
5,6,0,-2
3,4,-2,0
0 0
0 0

1
-20
2
5,0,0,3
7,2,3,0
0 0
0 0

1
50
2
7,7,0,-5
5,7,-5,0
0 0
0 0

1
-20
2
1,0,0,4
0,2,4,0
0 0
0 0

1
50
2
2,6,0,-1
1,5,-1,0
0 0
0 0

1
0
2
0,2,0,4
2,3,4,0
0 0
0 0

1
30
2
1,5,0,-1
2,6,-1,0
0 0
0 0

1
5
2
2,3,0,4
4,2,4,-3
0 0
0 0

1
5
2
3,4,0,-2
6,7,-2,0
0 0
0 0

1
5
2
3,0,0,1
2,1,1,0
0 0
0 0

1
5
2
5,7,0,-5
4,7,-5,0
0 0
0 0

1
5
2
4,0,0,2
5,0,2,0
0 0
0 0

1
5
2
4,7,0,-5
5,7,-5,0
0 0
0 0

1
10
2
4,2,0,4
3,4,4,0
0 0
0 0

1
25
2
2,5,0,-6
3,4,-6,4
0 0
0 0

1
-15
2
5,0,0,2
2,0,2,0
0 0
0 0

1
25
2
6,7,0,-2
7,7,-2,0
0 0
0 0

1
-15
2
7,0,0,5
3,0,5,0
0 0
0 0

1
30
2
0,5,0,-4
1,3,-4,6
0 0
0 0

1
0
2
2,2,0,6
1,3,6,-4
0 0
0 0

1
10
2
7,7,0,-2
3,3,-2,0
0 0
0 0

1
20
2
2,1,0,1
1,0,1,0
0 0
0 0

1
30
2
2,6,0,-1
1,7,-1,0
0 0
0 0

1
15
2
2,0,0,2
2,1,2,0
0 0
0 0

1
30
2
1,6,0,-6
1,4,-6,0
0 0
0 0

1
15
2
4,1,0,6
4,2,6,0
0 0
0 0

1
15
2
3,3,0,-2
4,2,-2,6
0 0
0 0

1
-5
2
2,1,0,2
6,1,2,0
0 0
0 0

1
35
2
4,2,0,-2
3,3,-2,0
0 0
0 0

1
-5
2
3,0,0,5
2,0,5,0
0 0
0 0

1
35
2
2,7,0,-3
0,5,-3,0
0 0
0 0

1
-5
2
7,2,0,3
3,6,3,-6
0 0
0 0

1
30
2
7,6,0,-6
7,4,-6,0
0 0
0 0

1
15
2
3,6,0,3
2,5,3,0
0 0
0 0

1
25
2
5,7,0,-5
5,1,-5,0
0 0
0 0

1
15
2
6,1,0,2
7,0,2,0
0 0
0 0

1
999999
2
5,1,0,-5
1,1,-5,0
0 0
0 0

1
-999999
2
0,1,0,6
0,3,6,0
0 0
0 0

1
1000000
2
1,1,0,-5
1,0,-5,1
0 0
0 0

1
1000000
2
0,0,0,5
0,1,5,0
0 0
0 0

0
0
2
0,6,0,-6
0,5,-6,0
0 0
-5 4

0
0
2
0,6,0,-6
0,4,-6,0
0 0
0 4

0
0
2
1,6,0,-6
1,5,-6,0
0 0
-5 4

0
0
2
1,6,0,-6
1,4,-6,0
0 0
-5 4

0
0
2
1,7,0,-4
2,5,-4,0
0 0
0 4

1
0
2
2,1,0,6
2,2,6,0
0 0
0 0

22
0
2
0,6,0,-6
0,5,-6,0
0 0
-5 4

0
0
2
0,6,0,-6
0,4,-6,0
0 0
0 4

0
0
2
0,7,0,-5
1,7,-5,0
0 0
0 4

0
0
2
1,6,0,-6
1,5,-6,0
0 0
0 4

0
0
2
1,6,0,-6
1,4,-6,0
0 0
-5 4

0
0
2
2,5,0,-4
3,3,-4,0
0 0
-20 4

0
0
2
2,5,0,-4
1,3,-4,6
0 0
-15 4

0
0
2
2,5,0,-4
1,7,-4,0
0 0
0 4

0
0
2
2,5,0,-4
4,4,-4,0
0 0
0 4

0
0
2
2,5,0,-4
0,4,-4,0
0 0
-20 4

0
0
2
3,6,0,-6
3,5,-6,0
0 0
0 4

0
0
2
3,6,0,-6
3,4,-6,0
0 0
0 4

0
0
2
4,6,0,-6
4,5,-6,0
0 0
0 4

0
0
2
4,6,0,-6
4,4,-6,0
0 0
0 4

0
0
2
5,6,0,-6
5,5,-6,0
0 0
0 4

0
0
2
5,6,0,-6
5,4,-6,0
0 0
0 4

0
0
2
6,6,0,-6
6,5,-6,0
0 0
0 4

0
0
2
6,6,0,-6
6,4,-6,0
0 0
0 4

0
0
2
6,7,0,-4
7,5,-4,0
0 0
0 4

0
0
2
6,7,0,-4
5,5,-4,0
0 0
0 4

0
0
2
7,6,0,-6
7,5,-6,0
0 0
0 4

0
0
2
7,6,0,-6
7,4,-6,0
0 0
0 4

0
0
2
2,6,0,-6
2,5,-6,0
0 0
-5 4

0
0
2
2,6,0,-6
2,4,-6,0
0 0
-5 4

0
0
2
3,6,0,-6
3,5,-6,0
0 0
-5 4

0
0
2
3,6,0,-6
3,4,-6,0
0 0
-5 4

0
0
2
4,6,0,-6
4,5,-6,0
0 0
0 4

0
0
2
4,6,0,-6
4,4,-6,0
0 0
0 4

1
0
2
1,3,0,6
1,4,6,0
0 0
0 0

1
6
2
5,7,0,-3
2,4,-3,0
0 0
0 0

2
0
2
1,4,0,6
1,5,6,0
0 0
0 0

1
11
2
2,4,0,-3
1,5,-3,6
0 0
0 0

0
0
2
2,1,0,6
2,3,6,0
0 0
0 0

1
1
2
4,7,0,-2
4,5,-2,0
0 0
0 0

1
0
2
3,1,0,6
3,3,6,0
0 0
0 0

1
6
2
4,4,0,-6
3,3,-6,6
0 0
0 0

0
0
2
5,6,0,-6
5,5,-6,0
0 0
-5 4

0
0
2
5,6,0,-6
5,4,-6,0
0 0
-5 4

0
0
2
6,6,0,-6
6,5,-6,0
0 0
-5 4

0
0
2
6,6,0,-6
6,4,-6,0
0 0
-5 4

0
0
2
6,7,0,-4
7,5,-4,0
0 0
-5 4

0
0
2
6,7,0,-4
5,5,-4,0
0 0
-5 4

0
0
2
7,6,0,-6
7,5,-6,0
0 0
-5 4

0
0
2
7,6,0,-6
7,4,-6,0
0 0
-5 4

0
0
2
4,1,0,6
4,3,6,0
0 0
0 3

1
1
2
6,7,0,-4
5,5,-4,0
0 0
0 3

1
0
2
2,1,0,6
2,2,6,0
0 0
0 3

1
6
2
3,6,0,-6
3,5,-6,0
0 0
5 3

1
6
2
5,0,0,3
2,3,3,0
0 0
5 3

1
26
2
4,7,0,-2
0,3,-2,0
0 0
25 3

0
0
2
0,1,0,6
0,3,6,0
0 0
0 3

1
1
2
0,6,0,-6
0,4,-6,0
0 0
0 0

1
0
2
2,1,0,6
2,3,6,0
0 0
0 0

1
6
2
3,6,0,-6
3,5,-6,0
0 0
0 0

1
0
2
4,1,0,6
4,3,6,0
0 0
0 0

1
6
2
2,6,0,-6
2,4,-6,0
0 0
0 0

1
0
2
3,1,0,6
3,2,6,0
0 0
0 0

1
6
2
1,6,0,-6
1,5,-6,0
0 0
0 0

1
0
2
5,1,0,6
5,3,6,0
0 0
0 0

1
6
2
6,7,0,-4
7,5,-4,0
0 0
0 0

1
0
2
5,3,0,6
5,4,6,0
0 0
0 0

1
6
2
0,7,0,-5
0,5,-5,0
0 0
0 0

2
0
2
6,1,0,6
6,3,6,0
0 0
0 0

1
11
2
7,5,0,-4
6,3,-4,6
0 0
0 0

0
0
2
7,1,0,6
7,2,6,0
0 0
0 0

1
6
2
4,7,0,-2
2,5,-2,0
0 0
0 0

1
0
2
6,1,0,6
6,3,6,0
0 0
0 0

1
6
2
2,5,0,-2
0,7,-2,0
0 0
0 0

0
0
2
2,1,0,6
2,3,6,0
0 0
0 3

1
1
2
5,6,0,-6
5,4,-6,0
0 0
0 0

1
0
2
1,0,0,4
2,2,4,0
0 0
0 0

1
6
2
4,7,0,-2
7,4,-2,0
0 0
0 0

0
0
2
3,1,0,6
3,3,6,0
4 7
0 3

2
1
2
7,6,0,-6
7,4,-6,0
1 4
0 3

3
0
2
2,1,0,6
2,2,6,0
1 2
0 3

1
1
2
6,6,0,-6
6,5,-6,0
1 2
0 3

1
0
2
4,1,0,6
4,2,6,0
1 2
0 3

2
1
2
4,6,0,-6
4,4,-6,0
0 1
0 3

1
0
2
3,3,0,6
4,4,6,-6
1 1
0 0

1
-4
2
6,5,0,-6
6,4,-6,0
0 1
0 0

1
0
2
5,1,0,6
5,3,6,0
1 1
0 0

1
-4
2
6,4,0,-6
5,3,-6,6
0 1
0 0

1
0
2
4,2,0,6
5,3,6,-6
1 1
0 0

1
-9
2
2,6,0,-6
2,5,-6,0
0 1
0 0

1
1
2
4,0,0,2
4,1,2,0
1 1
0 0

1
1
2
5,6,0,-6
5,5,-6,0
0 1
0 0

1
11
2
4,4,0,6
5,5,6,-6
1 1
0 0

1
-4
2
6,7,0,-4
5,5,-4,6
0 1
0 0

1
11
2
4,1,0,2
3,2,2,0
1 1
0 0

1
1
2
5,7,0,-3
7,5,-3,0
0 1
0 0

1
26
2
3,2,0,2
3,5,2,0
1 1
0 0

1
1
2
5,5,0,-4
6,7,-4,0
0 1
0 0

1
26
2
7,1,0,6
7,2,6,0
1 1
0 0

1
1
2
7,7,0,-5
7,6,-5,0
0 1
0 0

1
31
2
5,0,0,3
3,2,3,0
1 1
0 0

1
1
2
7,6,0,-5
7,7,-5,0
0 1
0 0

1
31
2
3,2,0,3
6,5,3,0
1 1
0 0

1
1
2
7,5,0,-3
5,3,-3,6
0 1
0 0

1
51
2
2,0,0,3
5,3,3,-3
1 1
0 0

1
-24
2
4,7,0,-2
4,5,-2,0
0 1
0 0

1
76
2
5,3,0,3
6,4,3,0
1 1
0 0

1
-24
2
6,7,0,-4
4,6,-4,0
0 1
0 0

1
71
2
6,4,0,3
4,6,3,-4
1 1
0 0

1
-19
2
4,5,0,-2
4,6,-2,3
0 1
0 0

1
26
2
3,5,0,2
7,1,2,0
1 1
0 0

1
1
2
4,6,0,-2
4,2,-2,0
0 1
0 0

1
26
2
6,5,0,3
5,6,3,0
1 1
0 0

1
1
2
7,7,0,-5
7,5,-5,0
0 1
0 0

1
26
2
6,1,0,6
6,3,6,0
1 1
0 0

1
6
2
7,4,0,-6
6,3,-6,6
0 1
0 0

1
21
2
5,6,0,3
1,2,3,0
1 1
0 0

1
6
2
4,2,0,-2
3,2,-2,0
0 1
0 0

1
21
2
3,0,0,1
2,0,1,0
1 1
0 0

1
6
2
3,2,0,-2
4,3,-2,0
0 1
0 0

1
36
2
1,2,0,3
2,1,3,0
1 1
0 0

1
11
2
4,3,0,-2
4,0,-2,0
0 1
0 0

1
21
2
2,1,0,3
3,0,3,0
1 1
0 0

1
16
2
6,3,0,-6
7,2,-6,6
0 1
0 0

1
36
2
6,0,0,4
7,2,4,-6
1 1
0 0

1
6
2
4,0,0,-2
4,3,-2,0
0 1
0 0

1
36
2
3,0,0,3
2,1,3,0
1 1
0 0

1
6
2
4,3,0,-2
7,3,-2,0
0 1
0 0

1
21
2
7,0,0,5
3,0,5,0
1 1
0 0

1
6
2
7,3,0,-2
5,5,-2,0
0 1
0 0

1
36
2
3,0,0,5
3,5,5,0
1 1
0 0

1
16
2
5,5,0,-2
5,0,-2,0
0 1
0 0

1
36
2
3,5,0,5
3,0,5,0
1 1
0 0

1
6
2
5,0,0,-2
1,4,-2,0
0 1
0 0

1
36
2
2,1,0,3
3,2,3,0
1 1
0 0

1
11
2
1,4,0,-2
3,4,-2,0
0 1
0 0

1
36
2
3,2,0,3
5,0,3,0
1 1
0 0

1
11
2
3,4,0,-2
5,2,-2,0
0 1
0 0

1
36
2
5,0,0,3
6,1,3,0
1 1
0 0

1
11
2
5,2,0,-2
6,3,-2,0
0 1
0 0

1
36
2
3,0,0,5
3,3,5,0
1 1
0 0

1
11
2
6,3,0,-2
4,1,-2,0
0 1
0 0

1
36
2
3,3,0,5
3,1,5,0
1 1
0 0

1
16
2
4,1,0,-2
4,0,-2,0
0 1
0 0

1
36
2
3,1,0,5
3,0,5,0
1 1
0 0

1
11
2
4,0,0,-2
4,1,-2,0
0 1
0 0

1
21
2
7,1,0,2
6,2,2,0
1 1
0 0

1
11
2
7,5,0,-5
4,5,-5,0
0 1
0 0

1
46
2
6,2,0,2
6,7,2,0
1 1
0 0

1
6
2
4,5,0,-5
4,7,-5,0
0 1
0 0

1
21
2
6,7,0,2
6,6,2,0
1 1
0 0

1
11
2
0,6,0,-6
0,4,-6,0
0 1
0 0

1
21
2
0,1,0,6
0,3,6,0
1 1
0 0

1
11
2
1,6,0,-6
1,4,-6,0
0 1
0 0

1
21
2
6,6,0,2
5,6,2,0
1 1
0 0

1
16
2
4,1,0,-2
6,1,-2,3
0 1
0 0

1
21
2
7,2,0,4
5,3,4,0
1 1
0 0

1
31
2
6,1,0,-2
5,2,-2,0
0 1
0 0

1
21
2
5,3,0,4
4,5,4,0
1 1
0 0

1
-14
2
4,7,0,-5
4,5,-5,4
0 1
0 0

1
21
2
5,6,0,2
5,2,2,-2
1 1
0 0

1
-19
2
3,7,0,-1
4,7,-1,0
0 1
0 0

1
31
2
0,3,0,6
1,4,6,-6
1 1
0 0

1
-24
2
4,7,0,-1
4,6,-1,0
0 1
0 0

1
31
2
1,0,0,4
0,2,4,0
1 1
0 0

1
-19
2
4,5,0,-5
5,5,-5,0
0 1
0 0

1
56
2
3,0,0,5
4,0,5,0
1 1
0 0

1
-19
2
4,6,0,-1
5,6,-1,0
0 1
0 0

1
31
2
5,2,0,2
6,1,2,0
1 1
0 0

1
-19
2
5,5,0,-5
6,5,-5,0
0 1
0 0

1
56
2
4,0,0,5
5,0,5,0
1 1
0 0

1
-19
2
5,6,0,-1
6,6,-1,0
0 1
0 0

1
31
2
6,1,0,2
7,0,2,0
1 1
0 0

1
-19
2
6,5,0,-5
7,5,-5,0
0 1
0 0

1
56
2
5,0,0,5
6,0,5,0
1 1
0 0

1
-19
2
6,6,0,-1
7,6,-1,0
0 1
0 0

1
31
2
7,0,0,2
4,3,2,0
1 1
0 0

1
-24
2
7,6,0,-1
7,7,-1,0
0 1
0 0

1
51
2
4,3,0,2
4,7,2,0
1 1
0 0

1
-44
2
7,7,0,-1
7,6,-1,0
0 1
0 0

1
1000000
2
4,7,0,2
6,7,2,0
1 1
0 0

1
-999998
2
7,6,0,-1
7,7,-1,0
0 1
0 0

1
1001000
2
6,7,0,2
7,7,2,-1
1 1
0 0

0
6
2
5,7,0,-3
7,5,-3,0
1 1
0 0

1
6
2
5,0,0,3
1,4,3,0
0 1
0 0

1
6
2
0,6,0,-6
0,4,-6,0
1 1
0 0

1
6
2
0,1,0,6
0,3,6,0
0 1
0 0

1
6
2
1,6,0,-6
1,5,-6,0
1 1
0 0

1
6
2
0,0,0,5
0,2,5,0
0 1
0 0

1
6
2
1,7,0,-4
2,5,-4,0
1 1
0 0

1
6
2
0,2,0,5
0,1,5,0
0 1
0 0

1
6
2
0,7,0,-5
0,6,-5,0
1 1
0 0

1
6
2
1,0,0,4
0,2,4,0
0 1
0 0

1
6
2
2,5,0,-4
1,7,-4,0
1 1
0 0

1
6
2
0,2,0,4
2,3,4,0
0 1
0 0

1
21
2
2,6,0,-6
2,5,-6,0
1 1
0 0

1
6
2
2,3,0,4
1,5,4,-6
0 1
0 0

1
16
2
2,5,0,-6
1,4,-6,3
1 1
0 0

1
-9
2
1,5,0,4
2,7,4,-3
0 1
0 0

1
16
2
3,7,0,-1
2,7,-1,4
1 1
0 0

1
-4
2
0,3,0,6
1,4,6,-6
0 1
0 0

1
16
2
2,7,0,-1
2,6,-1,0
1 1
0 0

1
-4
2
2,0,0,3
3,1,3,0
0 1
0 0

1
16
2
2,6,0,-1
1,5,-1,0
1 1
0 0

1
-4
2
4,0,0,2
5,0,2,0
0 1
0 0

1
16
2
1,5,0,-1
2,6,-1,0
1 1
0 0

1
-4
2
2,2,0,6
2,3,6,0
0 1
0 0

1
16
2
2,6,0,-1
1,5,-1,0
1 1
0 0

1
-4
2
1,1,0,6
1,3,6,0
0 1
0 0

1
16
2
0,4,0,-6
1,3,-6,6
1 1
0 0

1
16
2
2,3,0,6
2,4,6,0
0 1
0 0

1
16
2
1,5,0,-1
1,6,-1,0
1 1
0 0

1
11
2
2,4,0,6
2,5,6,0
0 1
0 0

1
21
2
3,6,0,-6
2,5,-6,6
1 1
0 0

1
11
2
1,4,0,6
2,5,6,-6
0 1
0 0

1
21
2
4,7,0,-2
2,5,-2,6
1 1
0 0

1
1
2
3,3,0,6
3,4,6,0
0 1
0 0

1
26
2
2,5,0,-2
3,4,-2,6
1 1
0 0

1
-19
2
0,1,0,5
0,6,5,-5
0 1
0 0

1
51
2
1,6,0,-1
0,6,-1,5
1 1
0 0

1
-4
2
4,2,0,6
4,3,6,0
0 1
0 0

1
1000000
2
3,4,0,-2
3,1,-2,3
1 1
0 0

1
-999998
2
6,0,0,4
4,1,4,0
0 1
0 0

1
1001000
2
3,1,0,-2
3,0,-2,1
1 1
0 0

0
6
2
4,0,0,2
0,4,2,0
2 2
5 3

1
6
2
1,7,0,-4
2,5,-4,0
0 2
5 3

1
6
2
0,4,0,2
0,3,2,0
2 2
5 3

1
6
2
6,7,0,-4
5,5,-4,0
0 2
5 3

1
16
2
2,0,0,3
6,4,3,0
2 2
15 3

1
6
2
5,5,0,-4
6,3,-4,0
0 2
5 3

1
16
2
5,1,0,6
5,2,6,0
2 2
15 3

1
31
2
6,3,0,-4
5,1,-4,0
0 2
30 3

1
-9
2
3,0,0,1
4,0,1,0
2 2
-10 3

1
31
2
5,1,0,-4
7,0,-4,5
0 2
30 3

1
-24
2
6,4,0,3
3,1,3,0
2 2
-25 3

1
36
2
4,6,0,-6
4,5,-6,0
0 2
35 3

1
-9
2
3,1,0,3
6,4,3,0
2 2
-10 3

1
36
2
5,6,0,-6
5,5,-6,0
0 2
35 3

1
-24
2
6,4,0,3
3,1,3,0
2 2
-25 3

1
36
2
1,6,0,-6
1,5,-6,0
0 2
35 3

1
-24
2
1,0,0,4
0,2,4,0
2 2
-25 3

1
36
2
2,5,0,-4
3,3,-4,6
0 2
35 3

1
-9
2
0,3,0,2
3,3,2,-4
2 2
-10 3

1
36
2
5,7,0,-3
2,4,-3,0
0 2
35 3

1
-9
2
3,3,0,2
4,3,2,0
2 2
-10 3

1
36
2
3,6,0,-6
3,4,-6,0
0 2
35 3

1
-29
2
4,3,0,2
3,2,2,0
2 2
-30 3

1
36
2
7,4,0,-6
7,3,-6,0
0 2
35 3

1
-9
2
6,0,0,4
7,2,4,0
2 2
-10 3

1
31
2
4,5,0,-6
4,4,-6,0
0 2
30 3

1
21
2
3,2,0,2
3,4,2,-6
2 2
20 3

1
6
2
4,7,0,-2
3,6,-2,0
0 2
5 3

1
26
2
3,4,0,2
0,7,2,-5
2 2
25 3

1
1
2
6,6,0,-6
6,4,-6,0
0 2
0 3

1
46
2
0,2,0,4
2,3,4,0
2 2
45 3

1
1
2
7,7,0,-5
7,5,-5,0
0 2
0 3

1
46
2
0,7,0,2
1,7,2,0
2 2
45 3

1
1
2
2,4,0,-3
5,7,-3,0
0 2
0 3

1
46
2
1,1,0,6
1,2,6,0
2 2
45 3

1
6
2
3,6,0,-2
3,3,-2,0
0 2
5 3

1
46
2
0,0,0,5
2,0,5,0
2 2
45 3

1
1
2
3,3,0,-2
3,4,-2,0
0 2
0 3

1
46
2
2,3,0,4
1,1,4,0
2 2
45 3

1
1
2
3,4,0,-2
3,3,-2,0
0 2
0 3

1
46
2
1,1,0,4
3,2,4,0
2 2
45 3

1
1
2
5,7,0,-3
0,2,-3,0
0 2
0 3

1
46
2
2,0,0,5
1,0,5,0
2 2
45 3

1
-4
2
0,2,0,-3
5,7,-3,0
0 2
-5 3

1
46
2
1,7,0,2
0,7,2,0
2 2
45 3

1
-4
2
0,6,0,-6
0,4,-6,0
0 2
-5 3

1
46
2
0,7,0,2
1,7,2,0
2 2
45 3

1
-4
2
1,5,0,-6
1,4,-6,0
0 2
-5 3

1
51
2
3,1,0,3
0,4,3,-6
2 2
50 3

1
-9
2
4,4,0,-6
4,3,-6,0
0 2
-10 3

1
56
2
1,7,0,2
2,6,2,-6
2 2
55 3

1
-34
2
3,7,0,-1
4,7,-1,0
0 2
-35 3

1
81
2
2,6,0,2
2,7,2,-3
2 2
80 3

1
-49
2
4,7,0,-1
5,6,-1,0
0 2
-50 3

1
81
2
2,1,0,6
2,2,6,0
2 2
80 3

1
-34
2
3,3,0,-2
0,6,-2,0
0 2
-35 3

1
66
2
7,2,0,4
6,4,4,-6
2 2
65 3

1
-19
2
5,5,0,-6
6,4,-6,4
0 2
-20 3

1
66
2
3,2,0,4
4,4,4,0
2 2
65 3

1
-34
2
5,6,0,-1
4,6,-1,0
0 2
-35 3

1
66
2
2,7,0,2
3,7,2,0
2 2
65 3

1
-39
2
4,6,0,-1
4,5,-1,0
0 2
-40 3

1
71
2
3,7,0,2
5,7,2,-3
2 2
70 3

1
-39
2
0,6,0,-2
5,1,-2,0
0 2
-40 3

1
71
2
4,0,0,1
3,1,1,0
2 2
70 3

1
-39
2
7,5,0,-5
7,6,-5,0
0 2
-40 3

1
76
2
5,7,0,2
6,7,2,0
2 2
75 3

1
-49
2
4,5,0,-1
4,4,-1,4
0 2
-50 3

1
76
2
6,7,0,2
7,6,2,-5
2 2
75 3

1
-49
2
4,3,0,-6
5,2,-6,6
0 2
-50 3

1
76
2
7,6,0,2
7,7,2,0
2 2
75 3

1
-49
2
4,4,0,-1
3,4,-1,0
0 2
-50 3

1
76
2
7,7,0,2
3,7,2,0
2 2
75 3

1
-49
2
3,4,0,-1
4,5,-1,0
0 2
-50 3

1
96
2
0,4,0,3
1,5,3,0
2 2
95 3

1
-89
2
5,1,0,-2
1,5,-2,3
0 2
-90 3

1
101
2
3,7,0,2
1,5,2,-2
2 2
100 3

1
-99
2
4,5,0,-1
3,4,-1,0
0 2
-100 3

1
111
2
1,5,0,2
6,0,2,0
2 2
110 3

1
-94
2
5,2,0,-6
4,1,-6,6
0 2
-95 3

1
116
2
5,0,0,3
4,1,3,-6
2 2
115 3

1
-109
2
7,0,0,-4
6,2,-4,0
0 2
-110 3

1
116
2
6,0,0,2
3,3,2,0
2 2
115 3

1
-109
2
3,4,0,-1
2,5,-1,0
0 2
-110 3

1
116
2
7,1,0,6
6,2,6,-4
2 2
115 3

1
-109
2
7,3,0,-6
6,2,-6,6
0 2
-110 3

1
116
2
4,1,0,3
5,0,3,0
2 2
115 3

1
-114
2
6,4,0,-6
6,3,-6,0
0 2
-115 3

1
121
2
3,3,0,2
6,3,2,-6
2 2
120 3

1
-119
2
2,5,0,-1
1,6,-1,0
0 2
-120 3

1
126
2
6,3,0,2
6,2,2,-6
2 2
125 3

1
-119
2
1,6,0,-1
0,5,-1,0
0 2
-120 3

1
1000000
2
6,2,0,2
2,6,2,0
2 2
999999 3

1
-999998
2
1,4,0,-6
1,3,-6,0
0 2
-999999 3

1
1001000
2
5,0,0,3
0,5,3,-1
2 2
1000999 3

0
0
2
2,1,0,6
2,3,6,0
0 0
0 0

1
0
2
7,7,0,-5
7,5,-5,0
0 0
0 0

0
1
2
6,7,0,-4
7,5,-4,0
2 3
0 3

3
6
2
4,0,0,2
0,4,2,0
0 2
5 3

1
6
2
7,5,0,-4
6,3,-4,0
2 2
5 3

1
16
2
0,4,0,2
5,4,2,0
0 2
15 3

1
6
2
7,6,0,-6
7,4,-6,0
2 2
5 3

1
16
2
0,1,0,6
0,3,6,0
0 2
15 3

1
6
2
0,6,0,-6
0,4,-6,0
2 2
5 3

1
16
2
0,0,0,5
0,2,5,0
0 2
15 3

1
31
2
4,6,0,-6
4,5,-6,0
2 2
30 3

1
21
2
5,4,0,2
6,4,2,0
0 2
20 3

1
31
2
5,6,0,-6
5,5,-6,0
2 2
30 3

1
-4
2
6,4,0,2
5,3,2,0
0 2
-5 3

1
31
2
6,6,0,-6
6,4,-6,0
2 2
30 3

1
-4
2
5,3,0,2
6,2,2,0
0 2
-5 3

1
26
2
5,7,0,-3
3,5,-3,0
2 2
25 3

1
-4
2
6,2,0,2
1,2,2,0
0 2
-5 3

1
36
2
6,3,0,-4
5,1,-4,6
2 2
35 3

1
-29
2
3,0,0,1
4,0,1,0
0 2
-30 3

1
41
2
5,1,0,-4
7,0,-4,5
2 2
40 3

1
-34
2
0,2,0,5
0,0,5,0
0 2
-35 3

1
41
2
3,5,0,-3
7,1,-3,6
2 2
40 3

1
-34
2
6,0,0,4
5,2,4,0
0 2
-35 3

1
41
2
7,1,0,-3
3,5,-3,0
2 2
40 3

1
-34
2
5,2,0,4
6,0,4,0
0 2
-35 3

1
61
2
7,0,0,-4
6,2,-4,0
2 2
60 3

1
-39
2
2,0,0,3
6,4,3,-6
0 2
-40 3

1
86
2
5,5,0,-6
6,4,-6,3
2 2
85 3

1
-64
2
2,1,0,6
2,2,6,0
0 2
-65 3

1
86
2
4,7,0,-2
4,6,-2,0
2 2
85 3

1
-64
2
4,1,0,6
4,2,6,0
0 2
-65 3

1
81
2
4,6,0,-2
7,6,-2,0
2 2
80 3

1
-54
2
5,0,0,3
1,4,3,0
0 2
-55 3

1
81
2
7,6,0,-2
5,4,-2,0
2 2
80 3

1
-54
2
6,0,0,4
7,2,4,0
0 2
-55 3

1
81
2
6,2,0,-4
4,3,-4,0
2 2
80 3

1
-39
2
1,4,0,3
3,2,3,0
0 2
-40 3

1
81
2
3,5,0,-3
6,2,-3,0
2 2
80 3

1
-39
2
4,0,0,1
3,0,1,0
0 2
-40 3

1
81
2
5,4,0,-2
6,3,-2,0
2 2
80 3

1
-54
2
3,0,0,1
2,1,1,0
0 2
-55 3

1
66
2
1,6,0,-6
1,4,-6,0
2 2
65 3

1
-39
2
1,2,0,2
1,4,2,-6
0 2
-40 3

1
76
2
4,3,0,-4
3,5,-4,0
2 2
75 3

1
-49
2
1,4,0,2
1,2,2,0
0 2
-50 3

1
61
2
2,6,0,-6
2,5,-6,0
2 2
60 3

1
-34
2
0,0,0,5
0,2,5,0
0 2
-35 3

1
61
2
2,5,0,-6
2,4,-6,0
2 2
60 3

1
-29
2
3,3,0,6
2,4,6,-6
0 2
-30 3

1
56
2
3,5,0,-4
4,7,-4,0
2 2
55 3

1
-29
2
1,2,0,2
1,5,2,0
0 2
-30 3

1
71
2
6,2,0,-3
2,6,-3,0
2 2
70 3

1
-34
2
1,5,0,2
1,4,2,0
0 2
-35 3

1
76
2
6,3,0,-2
6,1,-2,6
2 2
75 3

1
-54
2
3,2,0,3
4,1,3,0
0 2
-55 3

1
81
2
6,1,0,-2
7,2,-2,4
2 2
80 3

1
-54
2
2,2,0,6
2,3,6,0
0 2
-55 3

1
101
2
7,2,0,-2
6,1,-2,0
2 2
100 3

1
-54
2
2,1,0,1
3,2,1,0
0 2
-55 3

1
101
2
2,7,0,-3
0,5,-3,0
2 2
100 3

1
-69
2
1,4,0,2
1,2,2,0
0 2
-70 3

1
81
2
6,1,0,-2
7,1,-2,0
2 2
80 3

1
-54
2
4,1,0,3
5,2,3,0
0 2
-55 3

1
81
2
3,6,0,-6
3,4,-6,0
2 2
80 3

1
-69
2
4,2,0,6
4,3,6,0
0 2
-70 3

1
126
2
3,4,0,-6
2,3,-6,6
2 2
125 3

1
-99
2
1,2,0,2
2,3,2,-6
0 2
-100 3

1
106
2
7,1,0,-2
1,1,-2,6
2 2
105 3

1
-79
2
0,2,0,5
0,1,5,0
0 2
-80 3

1
151
2
1,1,0,-2
1,0,-2,4
2 2
150 3

1
-124
2
3,2,0,1
3,3,1,0
0 2
-125 3

1
156
2
0,5,0,-3
2,3,-3,2
2 2
155 3

1
-144
2
0,1,0,5
5,1,5,0
0 2
-145 3

1
1000000
2
1,0,0,-2
3,2,-2,0
2 2
999999 3

1
-999998
2
5,1,0,5
0,1,5,0
0 2
-999999 3

1
1001000
2
3,2,0,-2
3,3,-2,1
2 2
1000999 3

0
6
2
4,0,0,2
1,3,2,0
0 0
5 3

1
6
2
7,5,0,-4
6,3,-4,0
0 0
0 0

1
6
2
6,0,0,4
7,2,4,0
0 0
0 0

1
6
2
6,6,0,-6
6,5,-6,0
0 0
0 0

1
6
2
3,3,0,6
3,4,6,0
0 0
0 0

1
6
2
7,6,0,-6
7,4,-6,0
0 0
0 0

1
21
2
1,3,0,2
3,3,2,0
0 0
0 0

1
6
2
7,7,0,-5
6,7,-5,0
0 0
0 0

1
16
2
2,1,0,6
2,3,6,0
0 0
0 0

1
6
2
5,6,0,-6
5,5,-6,0
0 0
0 0

1
16
2
2,0,0,3
3,1,3,0
0 0
0 0

1
6
2
4,7,0,-2
5,6,-2,0
0 0
0 0

1
16
2
2,3,0,6
2,4,6,0
0 0
0 0

1
6
2
5,5,0,-6
5,4,-6,0
0 0
0 0

1
21
2
7,2,0,4
6,4,4,0
0 0
0 0

1
6
2
5,6,0,-2
4,7,-2,0
0 0
0 0

1
21
2
6,4,0,4
7,6,4,0
0 0
0 0

1
6
2
5,7,0,-3
6,6,-3,0
0 0
0 0

1
16
2
3,3,0,2
5,3,2,0
0 0
0 0

1
36
2
6,6,0,-3
1,1,-3,6
0 0
0 0

1
-9
2
3,1,0,3
2,2,3,0
0 0
0 0

1
31
2
6,5,0,-6
6,4,-6,0
0 0
0 0

1
-4
2
7,6,0,4
6,4,4,-6
0 0
0 0

1
26
2
4,6,0,-6
4,4,-6,0
0 0
0 0

1
6
2
6,4,0,4
4,5,4,0
0 0
0 0

1
46
2
3,6,0,-6
4,5,-6,4
0 0
0 0

1
-19
2
2,2,0,3
4,4,3,-6
0 0
0 0

1
66
2
6,3,0,-4
4,4,-4,3
0 0
0 0

1
-34
2
5,3,0,2
7,3,2,0
0 0
0 0

1
66
2
3,7,0,-1
3,6,-1,0
0 0
0 0

1
-34
2
7,3,0,2
0,3,2,0
0 0
0 0

1
66
2
2,6,0,-6
2,5,-6,0
0 0
0 0

1
-34
2
3,4,0,6
2,5,6,-6
0 0
0 0

1
71
2
4,4,0,-4
2,5,-4,6
0 0
0 0

1
-49
2
6,1,0,6
6,2,6,0
0 0
0 0

1
76
2
1,1,0,-3
0,0,-3,5
0 0
0 0

1
-49
2
5,0,0,3
6,1,3,0
0 0
0 0

1
76
2
0,0,0,-3
3,3,-3,0
0 0
0 0

1
-49
2
6,1,0,3
2,5,3,-4
0 0
0 0

1
81
2
1,7,0,-4
2,5,-4,3
0 0
0 0

1
-59
2
0,3,0,2
1,4,2,0
0 0
0 0

1
86
2
3,3,0,-3
5,1,-3,6
0 0
0 0

0
6
2
2,0,0,3
6,4,3,0
1 1
5 3

1
6
2
7,5,0,-4
6,3,-4,0
0 1
5 3

1
16
2
7,1,0,6
7,2,6,0
1 1
15 3

1
6
2
7,6,0,-6
7,5,-6,0
0 1
5 3

1
26
2
7,2,0,6
6,3,6,-4
1 1
25 3

1
-14
2
5,6,0,-6
5,4,-6,0
0 1
-15 3

1
31
2
6,3,0,6
5,4,6,-6
1 1
30 3

1
-19
2
4,7,0,-2
5,6,-2,0
0 1
-20 3

1
31
2
6,1,0,6
6,3,6,0
1 1
30 3

1
1
2
5,6,0,-2
3,4,-2,0
0 1
0 3

1
31
2
6,0,0,4
5,2,4,0
1 1
30 3

1
-4
2
6,6,0,-6
6,5,-6,0
0 1
-5 3

1
36
2
5,4,0,6
6,5,6,-6
1 1
35 3

1
-9
2
5,7,0,-3
6,6,-3,0
0 1
-10 3

1
36
2
7,0,0,5
7,4,5,0
1 1
35 3

1
-4
2
7,7,0,-5
5,7,-5,0
0 1
-5 3

1
61
2
6,4,0,3
4,6,3,-6
1 1
60 3

1
-39
2
3,7,0,-1
4,6,-1,3
0 1
-40 3

1
66
2
7,4,0,5
3,4,5,-2
1 1
65 3

1
-39
2
4,6,0,-1
4,5,-1,0
0 1
-40 3

1
66
2
4,0,0,2
0,4,2,0
1 1
65 3

1
-29
2
1,6,0,-6
1,5,-6,0
0 1
-30 3

1
66
2
0,4,0,2
1,4,2,0
1 1
65 3

1
-29
2
2,6,0,-6
2,5,-6,0
0 1
-30 3

1
61
2
1,4,0,2
1,3,2,0
1 1
60 3

1
-24
2
4,5,0,-1
3,4,-1,5
0 1
-25 3

1
61
2
2,1,0,6
2,3,6,0
1 1
60 3

1
-24
2
3,4,0,-1
4,5,-1,0
0 1
-25 3

1
56
2
3,3,0,6
3,4,6,0
1 1
55 3

1
-19
2
2,5,0,-6
3,4,-6,6
0 1
-20 3

1
56
2
2,3,0,6
3,4,6,-6
1 1
55 3

1
-19
2
4,5,0,-1
3,4,-1,6
0 1
-20 3

1
56
2
4,1,0,6
4,3,6,0
1 1
55 3

1
-19
2
3,4,0,-1
2,5,-1,0
0 1
-20 3

1
56
2
5,0,0,3
1,4,3,0
1 1
55 3

1
-19
2
2,5,0,-1
1,6,-1,0
0 1
-20 3

1
36
2
1,4,0,3
3,6,3,-6
1 1
35 3

1
1
2
2,7,0,-3
3,6,-3,3
0 1
0 0

1
16
2
5,2,0,4
4,4,4,0
1 1
0 0

1
16
2
1,7,0,-4
0,5,-4,0
0 1
0 0

1
16
2
1,3,0,2
4,6,2,0
1 1
0 0

1
-4
2
6,6,0,-3
4,4,-3,4
0 1
0 0

1
16
2
4,6,0,2
3,6,2,-3
1 1
0 0

1
-4
2
4,4,0,-3
2,6,-3,0
0 1
0 0

1
41
2
3,6,0,2
3,4,2,0
1 1
0 0

1
-4
2
1,6,0,-1
1,7,-1,0
0 1
0 0

1
36
2
3,0,0,1
4,0,1,0
1 1
0 0

1
-4
2
5,7,0,-5
4,7,-5,0
0 1
0 0

1
36
2
4,0,0,1
4,1,1,0
1 1
0 0

1
-4
2
0,5,0,-4
2,4,-4,0
0 1
0 0

1
36
2
3,4,0,2
2,5,2,0
1 1
0 0

1
1
2
4,7,0,-5
4,3,-5,6
0 1
0 0

1
31
2
4,1,0,1
5,2,1,0
1 1
0 0

1
16
2
4,3,0,-5
4,0,-5,0
0 1
0 0

1
16
2
0,1,0,6
0,3,6,0
1 1
0 0

1
16
2
0,6,0,-6
0,4,-6,0
0 1
0 0

1
16
2
0,0,0,5
0,2,5,0
1 1
0 0

1
21
2
4,0,0,-5
1,0,-5,4
0 1
0 0

1
11
2
0,2,0,5
0,1,5,0
1 1
0 0

1
21
2
1,0,0,-5
2,0,-5,0
0 1
0 0

1
11
2
1,1,0,6
1,3,6,0
1 1
0 0

1
26
2
0,4,0,-6
1,3,-6,6
0 1
0 0

1
6
2
0,1,0,5
4,1,5,0
1 1
0 0

1
26
2
0,7,0,-5
0,4,-5,0
0 1
0 0

1
6
2
4,1,0,5
4,7,5,0
1 1
0 0

1
1
2
2,6,0,-3
3,7,-3,0
0 1
0 0

1
26
2
4,7,0,5
3,7,5,-3
1 1
0 0

1
1
2
1,7,0,-1
0,6,-1,0
0 1
0 0

1
1000000
2
3,7,0,5
0,7,5,0
1 1
0 0

1
-999998
2
0,4,0,-5
0,5,-5,0
0 1
0 0

1
1001000
2
0,7,0,5
0,6,5,-1
1 1
0 0

0
