11 3 9
  1   1   1   1   1   1   1   1   1 
  1   1   1   1   1   1   1   1   1 
  1   1   1   1   1   1   1   1   1 
  1   1   1   1   1   1   1   1   1 
  1   1   1   1   1   1   1   1   1 
  1   1   1   1   1   1   1   1   1 
  1   1   1   1   1   1   1   1   1 
  1   1   1   1   1   1   1   1   1 
  1   1   1   1   1   1   1   1   1 
  0  13   0   0   0   0   0  13   0 
  0   1   0   0   0   0   0   1   0 

  4   6   6   6   6   6   6   6   3 
  8  13  13  13  13  13  13  13   7 
  8  13  18  13  13  13  18  13   7 
  8  13  13  13  13  13  13  13   7 
  8  13  13  13  13  13  13  13   7 
  8  13  13  13  13  13  13  13   7 
  8  13  18  13  13  13  18  13   7 
  8  13  13  13  13  13  13  13   7 
  1   5   5   5   5   5   5   5   2 
  0   0   0   0   0   0   0   0   0 
  0  13   0   0   0   0   0  13   0 

  0   0   0   0   0   0   0   0   0 
  0   0   0   0   0   0   0   0   0 
  0   0   0   0   0   0   0   0   0 
  0   0   0   0   0   0   0   0   0 
  0   0   0   0   0   0   0   0   0 
  0   0   0   0   0   0   0   0   0 
  0   0   0   0   0   0   0   0   0 
  0   0   0   0   0   0   0   0   0 
  0   0   0   0   0   0   0   0   0 
  0   0   0   0   0   0   0   0   0 
  0   0   0   0   0   0   0   0   0 

  0   0   0   0   0   0   0   0   0 
  0   0   0   0   0   0   0   0   0 
  0   0   0   0   0   0   0   0   0 
  0   0   0   0   0   0   0   0   0 
  0   0   0   0   0   0   0   0   0 
  0   0   0   0   0   0   0   0   0 
  0   0   0   0   0   0   0   0   0 
  0   0   0   0   0   0   0   0   0 
  0   0   0   0   0   0   0   0   0 
  0   0   0   0   0   0   0   0   0 
  0   1   0   0   0   0   0  -1   0 
