9 3 10
  1   1   1   1   1   1   1   1   1   1 
  1   1   1   1   1   1   1   1   1   1 
  1   1   1   1   1   1   1   1   1   1 
  1   1   1   1   1   1   1   1   1   1 
  1   1   1   1   1   1   1   1   1   1 
  1   1   1   1   1   1   1   1   1   1 
  1   1   1   1   1   1   1   1   1   1 
  1   1   1   1   1   1   1   1   1   1 
  1   1   1   1   1   1   1   1   1   1 

  4   6   6  21   6   6  21   6   6   3 
  8  13  19  13   7   8  13  19  13   7 
  8  13  13  19   7   8  19  13  13   7 
 10  13  16  13   7   8  13  14  13  11 
  8  18  13  19   7   8  19  13  18   7 
  9  13  15  13   7   8  13  17  13  12 
  8  13  13  19   7   8  19  13  13   7 
  8  13  19  13   7   8  13  19  13   7 
  1   5   5  20   5   5  20   5   5   2 

  0   0   0   0   0   0   0   0   0   0 
  0   0   0   0   0   0   0   0   0   0 
  0   0   0   0   0   0   0   0   0   0 
  0   0   0   0   0   0   0   0   0   0 
  0   0   0   0   0   0   0   0   0   0 
  0   0   0   0   0   0   0   0   0   0 
  0   0   0   0   0   0   0   0   0   0 
  0   0   0   0   0   0   0   0   0   0 
  0   0   0   0   0   0   0   0   0   0 

  5   0   0   7   0   0  -7   0   0  -5 
  4   0   6   0   0   0   0  -6   0  -4 
  3   0   0   7   0   0  -7   0   0  -3 
  2   0   0   0   0   0   0   0   0  -2 
  1   0   0   7   0   0  -7   0   0  -1 
  2   0   0   0   0   0   0   0   0  -2 
  3   0   0   7   0   0  -7   0   0  -3 
  4   0   6   0   0   0   0  -6   0  -4 
  5   0   0   7   0   0  -7   0   0  -5 
