0
0
0 0

1
0
2
3,1,0,6
3,3,6,0
0 0

3
1
2
6,7,0,-4
7,5,-4,0
0 0

1
0
2
5,1,0,6
5,3,6,0
0 0

1
-4
2
5,6,0,-6
5,4,-6,0
0 0

1
0
2
6,1,0,6
6,2,6,0
0 0

1
-4
2
1,7,0,-4
2,5,-4,0
0 0

0
10
2
1,6,0,-6
1,5,-6,0
0 0

1
0
2
2,1,0,6
2,2,6,0
0 0

1
15
2
2,7,0,-3
0,5,-3,0
0 0

1
0
2
1,1,0,6
1,3,6,0
0 0

1
15
2
0,5,0,-3
2,3,-3,0
0 0

1
0
2
4,1,0,6
4,3,6,0
0 0

1
10
2
2,3,0,-3
4,5,-3,0
0 0

1
0
2
5,1,0,6
5,2,6,0
0 0

1
15
2
6,7,0,-4
5,5,-4,0
0 0

1
0
2
6,1,0,6
6,3,6,0
0 0

1
15
2
2,6,0,-6
2,5,-6,0
0 0

0
5
2
6,7,0,-4
5,5,-4,0
0 0

1
5
2
2,1,0,6
2,2,6,0
0 0

1
5
2
1,6,0,-6
1,5,-6,0
0 0

1
5
2
0,1,0,6
0,3,6,0
0 0

1
5
2
7,6,0,-6
7,5,-6,0
0 0

1
10
2
0,3,0,6
0,4,6,0
0 0

1
5
2
3,6,0,-6
3,5,-6,0
0 0

0
