10 3 8
  1   1   1   1   1   1   1   1 
  1   1   1   1   1   1   1   1 
  1   1   1   1   1   1   1   1 
  1   1   1   1   1   1   1   1 
  1   1   1   1   1   1   1   1 
  1   1   1   1   1   1   1   1 
  1   1   1   1   1   1   1   1 
  1   1   1   1   1   1   1   1 
  0   0   0   0   0   0   0   0 
  0   0   0   0   0   0   0   0 

  1   2   1   2   1   2   1   2 
  2   1   2   1   2   1   2   1 
  1   2   1   2   1   2   1   2 
  2   1   2   1   2   1   2   1 
  1   2   1   2   1   2   1   2 
  2   1   2   1   2   1   2   1 
  1   2   1   2   1   2   1   2 
  2   1   2   1   2   1   2   1 
  0   0   0   0   0   0   0   0 
  2   2   2   2   1   1   1   1 

  0   0   0   0   0   0   0   0 
  0   0   0   0   0   0   0   0 
  0   0   0   0   0   0   0   0 
  0   0   0   0   0   0   0   0 
  0   0   0   0   0   0   0   0 
  0   0   0   0   0   0   0   0 
  0   0   0   0   0   0   0   0 
  0   0   0   0   0   0   0   0 
  0   0   0   0   0   0   0   0 
  0   0   0   0   0   0   0   0 

  5   6   0   0   0   0  -6  -5 
  4   6   0   0   0   0  -6  -4 
  3   6   0   0   0   0  -6  -3 
  1   6   0   0   0   0  -6  -1 
  2   6   0   0   0   0  -6  -2 
  3   6   0   0   0   0  -6  -3 
  4   6   0   0   0   0  -6  -4 
  5   6   0   0   0   0  -6  -5 
  0   0   0   0   0   0   0   0 
  2   3   4   5  -5  -4  -3  -2 
