0
0
0 1
0 0

9
-6
2
1,0,0,4
0,2,4,0
0 0
7 5

1
-6
2
7,7,0,-6
4,7,-6,0
0 0
-7 4

1
-6
2
1,2,0,6
1,6,6,0
0 0
-7 4

1
-6
2
1,9,0,-4
0,7,-4,0
0 0
-7 4

0
0
2
1,2,0,6
4,2,6,0
0 0
7 5

1
8
2
1,7,0,-6
1,3,-6,0
0 0
7 3

1
0
2
4,2,0,6
4,6,6,-7
0 0
0 0

1
24
2
7,9,0,-4
6,7,-4,0
0 0
23 3

1
0
2
4,6,0,6
4,4,6,0
0 0
0 0

1
8
2
1,3,0,-6
4,3,-6,7
0 0
0 0

0
21
2
7,2,0,6
7,4,6,0
1 1
20 5

2
8
2
1,7,0,-6
1,3,-6,0
0 0
7 5

1
31
2
7,4,0,6
0,4,6,0
0 0
30 5

1
8
2
7,7,0,-6
0,7,-6,0
0 0
7 5

1
-6
2
0,4,0,6
8,4,6,0
0 0
-7 4

1
-29
2
7,9,0,-4
8,7,-4,0
0 0
-30 4

0
21
2
7,9,0,-4
8,7,-4,0
0 1
-30 4

1
31
2
7,4,0,6
4,4,6,0
1 1
0 0

1
1
2
5,9,0,-2
4,8,-2,0
0 1
0 0

1
21
2
4,4,0,6
2,4,6,0
1 1
0 0

2
11
2
2,6,0,-7
2,5,-7,0
0 1
-999999 4

1
1000000
2
2,4,0,6
2,9,6,-3
1 1
999999 3

1
-999998
2
0,9,0,-5
0,8,-5,0
0 1
-999999 3

1
1000001
2
2,9,0,6
4,9,6,-1
1 1
0 0

0
-19
2
2,9,0,-3
0,7,-3,0
0 0
0 0

0
0
2
1,2,0,6
1,6,6,0
0 0
-20 4

1
21
2
7,7,0,-6
7,4,-6,0
0 0
0 0

1
0
2
1,6,0,6
4,6,6,-7
0 0
0 0

1
24
2
7,9,0,-4
6,7,-4,0
0 0
0 0

0
193
2
7,2,0,6
6,2,6,0
0 0
-7 4

1
193
2
1,7,0,-6
4,7,-6,0
0 0
0 0

1
200
2
4,3,0,7
4,4,7,0
0 0
0 0

1
200
2
6,6,0,-7
6,5,-7,0
0 0
0 0

1
200
2
1,2,0,6
1,6,6,0
0 0
0 0

1
193
2
8,6,0,-7
8,5,-7,0
0 0
0 0

0
193
2
7,2,0,6
2,2,6,0
0 0
-7 4

1
193
2
1,7,0,-6
4,7,-6,0
0 0
0 0

1
200
2
2,2,0,6
2,6,6,-7
0 0
0 0

1
193
2
4,7,0,-6
4,3,-6,7
0 0
0 0

1
200
2
2,6,0,6
6,6,6,-7
0 0
0 0

1
193
2
0,6,0,-7
0,5,-7,0
0 0
0 0

0
193
2
1,2,0,6
0,2,6,0
0 0
-7 4

1
193
2
1,7,0,-6
6,7,-6,0
0 0
0 0

1
193
2
7,2,0,6
7,6,6,0
0 0
0 0

1
193
2
7,7,0,-6
7,8,-6,0
0 0
0 0

1
193
2
4,3,0,7
4,4,7,0
0 0
0 0

1
193
2
2,6,0,-7
2,5,-7,0
0 0
0 0

0
193
2
7,2,0,6
8,2,6,0
0 0
-7 4

1
193
2
7,7,0,-6
4,7,-6,0
0 0
0 0

1
193
2
4,3,0,7
4,4,7,0
0 0
0 0

1
200
2
1,7,0,-6
1,3,-6,0
0 0
0 0

1
193
2
1,2,0,6
6,2,6,0
0 0
0 0

1
200
2
4,7,0,-6
4,4,-6,7
0 0
0 0

0
193
2
1,2,0,6
2,2,6,0
0 0
0 0

0
